[ 1265.226659] kvm: module verification failed: signature and/or required key missing - tainting kernel
[ 1290.056033] kvm_dsm_init: Enable kvm dsm mode, this kvm instance will be node-0
[ 1290.056036] kvm_dsm_init: kvm_dsm_init: kvm 0 use RDMA connection
[ 1291.390062] kvm-dsm: node-0 accepted connection
[ 1291.419029] krdma_connect: ffffa054ee78d000 krdma_connect succeed
[ 1291.419031] kvm-dsm: node-0 established connection with node-1 [172.16.0.2:37711]
[ 1292.095170] kvm [26087]: vcpu0, guest rIP: 0xffffffffbc0646c7 unhandled rdmsr: 0x1c9
[ 1292.095174] kvm [26087]: vcpu0, guest rIP: 0xffffffffbc0646c7 unhandled rdmsr: 0x1a6
[ 1292.095176] kvm [26087]: vcpu0, guest rIP: 0xffffffffbc0646c7 unhandled rdmsr: 0x1a7
[ 1292.095177] kvm [26087]: vcpu0, guest rIP: 0xffffffffbc0646c7 unhandled rdmsr: 0x3f6
[ 1292.407240] kvm: zapping shadow pages for mmio generation wraparound
[ 1292.422825] kvm: zapping shadow pages for mmio generation wraparound
[ 1292.508381] kvm [26087]: vcpu0, guest rIP: 0xffffffffbc0646c7 unhandled rdmsr: 0x34
[ 1292.508409] kvm [26087]: vcpu0, guest rIP: 0xffffffffbc0646c7 unhandled rdmsr: 0x606
[ 1301.641786] kvm-dsm-eval: DSM_PF_WRITE_INIT # 0: 103 157 220 120 78 75 113 72 77 68 80 73 67 70 65 70 66 66 73 73 74 72 109 87 77 79 91 87 82 87 96 85 80 87 82 162 83 78 90 87 87 97 105 74 80 90 80 78 118 133 84 78 84 83 81 137 148 93 82 78 92 76 91 83 272 147 133 129 133 150 133 119 182 133 135 134 153 132 110 123 214 134 139 151 123 136 122 77 137 77 84 82 121 135 136 130 169 132 139 123 
[ 1301.641813] kvm-dsm-eval: DSM_PF_WRITE_INIT # 1: 
[ 1301.641814] 111 78 85 77 124 75 73 79 86 132 79 80 155 152 139 146 76 80 80 78 147 162 73 133 76 88 86 73 140 137 82 80 81 73 86 79 146 130 72 82 74 66 80 74 131 141 85 89 94 73 68 128 141 131 78 74 83 74 73 77 122 131 73 74 86 80 67 76 127 140 82 77 100 75 76 83 131 122 70 84 78 76 82 66 135 127 85 110 84 78 85 86 77 85 129 136 87 77 75 78 
[ 1301.641839] kvm-dsm-eval: DSM_PF_WRITE_INIT # 2: 
[ 1301.641839] 70 78 84 84 80 77 77 85 445 85 77 78 67 83 87 133 136 80 140 84 87 83 72 123 132 86 74 82 78 67 85 132 189 76 78 66 90 87 78 123 137 85 80 83 72 78 79 133 90 76 80 77 82 78 72 123 142 75 72 71 67 80 80 134 124 78 71 88 84 80 67 121 133 81 81 68 72 67 89 137 120 74 79 75 87 83 78 142 124 73 112 74 86 74 145 152 91 84 80 120 
[ 1301.641879] kvm-dsm-eval: DSM_PF_WRITE_INIT # 3: 
[ 1301.641879] 120 96 140 98 140 83 81 88 82 152 116 205 207 217 264 184 207 176 190 170 133 140 140 137 81 94 139 136 135 134 130 212 140 129 227 149 133 631 284 275 313 210 140 131 270 323 164 234 390 723 150 380 162 142 318 231 205 190 143 108 186 188 115 204 173 666 156 457 129 252 562 327 340 242 266 254 167 176 187 171 208 165 206 100 198 113 312 176 135 381 213 124 128 152 505 177 209 277 180 277 
[ 1301.641921] kvm-dsm-eval: DSM_PF_WRITE_INIT # 4: 
[ 1301.641921] 257 123 337 219 257 138 204 378 169 348 377 165 518 250 400 419 350 329 168 198 250 288 113 215 175 271 256 562 135 340 291 386 651 397 123 360 141 114 308 435 121 897 179 190 177 4380 163 345 152 93 141 78 149 139 254 386 780 153 120 441 386 103 115 269 141 147 169 521 267 882 210 683 378 435 473 144 825 646 215 194 188 190 176 368 580 282 278 216 160 240 266 267 284 243 620 340 250 8816 15539 127 
[ 1301.641963] kvm-dsm-eval: DSM_PF_WRITE_INIT # 5: 
[ 1301.641963] 120 317 151 186 168 242 229 175 183 193 234 183 234 112 202 131 260 180 172 236 221 125 157 159 370 144 204 247 255 343 230 438 281 162 272 180 228 510 312 303 227 210 226 202 212 259 210 191 210 153 157 455 325 313 138 128 199 180 153 126 271 218 154 87 231 154 103 437 104 231 292 96 265 300 108 209 115 246 273 148 196 300 364 233 875 434 217 356 224 178 164 571 215 145 152 95 122 167 184 86 
[ 1301.641989] kvm-dsm-eval: DSM_PF_WRITE_INIT # 6: 
[ 1301.641989] 114 268 141 137 117 150 141 330 129 143 120 117 175 202 150 229 200 205 124 170 243 163 163 166 160 198 321 282 177 133 104 201 117 137 103 546 304 228 360 147 328 162 343 146 184 152 177 95 182 368 156 462 196 211 174 172 733 237 216 518 396 107 331 356 598 353 750 347 643 189 190 274 286 209 164 248 354 273 284 268 242 184 300 240 332 230 246 500 419 158 206 262 245 223 403 233 215 360 171 314 
[ 1301.642015] kvm-dsm-eval: DSM_PF_WRITE_INIT # 7: 
[ 1301.642015] 208 397 322 278 323 562 294 227 248 230 425 203 178 190 572 185 467 629 325 244 271 229 253 241 383 484 120 287 233 161 153 207 195 373 170 322 158 131 147 86 307 227 220 243 151 104 89 117 79 247 284 125 97 185 132 303 111 129 157 244 149 133 326 83 117 92 249 383 209 200 272 800 238 140 213 213 192 443 214 140 154 192 337 331 728 517 212 231 202 162 286 164 232 169 141 210 158 217 700 252 
[ 1301.642041] kvm-dsm-eval: DSM_PF_WRITE_INIT # 8: 
[ 1301.642041] 292 368 243 138 328 162 238 365 257 150 178 125 104 447 140 241 360 140 124 132 200 417 164 234 228 173 305 213 278 282 113 165 436 220 186 198 208 120 142 320 140 214 240 217 140 95 292 246 299 189 267 81 203 246 162 189 210 236 203 205 220 367 208 217 172 158 170 135 158 221 152 208 498 242 111 522 256 128 147 607 83 83 95 168 170 198 225 240 99 80 77 142 81 478 76 80 72 138 139 128 
[ 1301.642066] kvm-dsm-eval: DSM_PF_WRITE_INIT # 9: 
[ 1301.642067] 76 79 71 76 78 73 76 79 75 94 79 101 79 84 81 79 75 132 79 97 263 207 279 137 83 128 78 131 77 84 83 76 76 83 75 82 74 89 147 109 74 101 97 112 247 135 257 194 245 514 226 258 236 232 206 260 259 196 144 87 132 78 80 76 79 102 138 75 79 140 80 73 79 79 76 78 79 76 75 67 74 177 133 79 73 73 75 138 134 124 74 77 72 74 135 77 128 130 73 73 
[ 1301.642093] kvm-dsm-eval: DSM_PF_WRITE_INIT AVG: 213 ns
[ 1309.668171] kvm-dsm-eval: DSM_PF_WRITE_INIT # 0: 151 70 74 73 71 79 87 144 78 72 134 80 73 101 176 242 110 225 154 76 81 70 77 78 127 72 75 72 75 80 176 262 258 177 144 136 220 227 118 136 140 130 70 70 131 134 72 70 132 73 132 73 70 133 73 75 70 73 71 75 457 63 73 110 78 140 77 90 72 72 132 77 72 71 71 68 128 70 73 80 70 80 72 132 75 73 69 77 66 74 138 127 73 75 83 82 74 80 81 74 
[ 1309.668198] kvm-dsm-eval: DSM_PF_WRITE_INIT # 1: 
[ 1309.668199] 75 132 74 130 72 78 139 103 78 201 109 405 240 118 270 207 72 803 98 87 245 135 127 128 300 127 253 133 111 85 80 143 79 82 83 80 86 295 233 173 75 77 214 356 112 653 204 223 145 150 92 104 257 172 116 100 155 252 167 210 277 253 223 264 267 220 220 270 237 277 225 204 403 217 177 261 268 409 320 276 308 225 275 379 671 192 96 214 104 177 108 194 312 186 81 74 90 137 64 70 
[ 1309.668225] kvm-dsm-eval: DSM_PF_WRITE_INIT # 2: 
[ 1309.668225] 75 399 71 69 76 96 75 163 307 68 157 67 71 77 75 80 70 66 71 64 70 66 77 157 68 150 84 69 67 103 84 73 67 95 67 69 343 65 69 79 66 84 69 76 150 150 74 60 70 76 68 75 72 74 67 101 70 73 164 78 65 195 115 140 99 238 142 127 130 100 96 118 74 80 86 77 86 78 106 73 87 82 77 130 80 319 161 84 90 68 81 135 127 268 86 237 126 89 91 87 
[ 1309.668251] kvm-dsm-eval: DSM_PF_WRITE_INIT # 3: 
[ 1309.668251] 107 78 96 83 73 173 73 95 160 75 97 77 77 72 72 76 75 161 107 76 246 74 70 346 81 66 100 87 92 80 114 199 95 156 141 73 235 118 79 336 130 73 92 97 86 74 78 80 116 95 249 360 139 80 127 100 84 147 95 77 77 122 125 84 123 66 124 71 141 262 418 72 130 71 76 124 77 133 78 160 76 76 79 149 73 100 165 130 88 131 76 72 84 93 76 80 81 72 73 70 
[ 1309.668292] kvm-dsm-eval: DSM_PF_WRITE_INIT # 4: 
[ 1309.668292] 112 98 79 70 139 74 74 74 74 74 140 75 130 138 92 74 90 119 449 73 74 162 241 290 86 73 77 132 172 90 131 83 90 143 153 85 135 133 81 108 87 172 95 98 79 102 93 65 194 474 91 80 89 151 64 136 87 205 76 125 71 93 112 74 81 120 109 72 121 176 89 73 80 140 129 99 87 103 68 78 121 82 139 99 109 80 96 147 81 98 80 142 85 130 111 123 90 220 106 161 
[ 1309.668317] kvm-dsm-eval: DSM_PF_WRITE_INIT # 5: 
[ 1309.668317] 86 177 83 82 196 79 90 152 78 90 133 81 73 77 71 160 115 136 87 163 90 94 83 277 139 178 259 290 115 142 145 217 75 261 78 137 94 186 114 76 119 100 96 76 94 76 78 218 124 109 74 124 92 77 76 72 121 76 84 66 66 67 204 87 138 128 89 77 116 72 176 83 114 83 60 266 70 69 82 207 82 89 82 213 246 91 97 73 78 97 88 70 64 74 84 126 80 181 227 89 
[ 1309.668387] kvm-dsm-eval: DSM_PF_WRITE_INIT # 6: 
[ 1309.668388] 86 61 100 82 79 72 70 78 92 145 82 92 81 94 332 80 70 73 64 110 209 165 72 142 84 85 75 95 154 94 74 90 281 85 110 106 107 192 85 88 85 84 78 157 84 90 80 84 73 138 134 140 114 68 108 295 143 155 84 151 78 134 102 147 75 88 189 203 98 80 77 93 79 99 222 141 89 87 102 258 302 73 87 75 68 236 155 90 132 116 75 96 80 160 77 81 69 77 111 112 
[ 1309.668467] kvm-dsm-eval: DSM_PF_WRITE_INIT # 7: 
[ 1309.668468] 85 171 325 86 127 79 148 77 163 134 82 89 80 144 73 130 133 76 87 78 161 78 74 116 101 78 82 169 100 140 261 82 126 83 102 111 257 91 92 90 100 90 78 99 119 96 74 78 74 159 138 113 80 183 82 80 83 74 74 89 67 139 82 85 206 97 134 92 77 68 65 133 80 133 102 155 83 103 67 202 73 141 105 80 120 102 86 180 80 352 79 89 81 74 73 77 73 76 70 69 
[ 1309.668513] kvm-dsm-eval: DSM_PF_WRITE_INIT # 8: 
[ 1309.668513] 82 74 69 74 74 73 377 360 70 76 84 87 78 97 93 87 70 88 108 73 97 92 220 71 138 72 110 74 77 133 78 75 140 120 78 233 102 105 99 77 69 106 230 119 76 96 222 84 258 78 90 144 100 139 94 127 115 99 126 110 123 113 99 99 114 99 101 100 99 112 100 105 115 105 109 112 105 138 99 106 110 122 94 93 108 149 100 103 94 106 121 99 101 110 106 125 132 99 110 127 
[ 1309.668542] kvm-dsm-eval: DSM_PF_WRITE_INIT # 9: 
[ 1309.668542] 100 111 130 100 107 110 112 110 99 110 107 124 108 100 118 125 132 132 117 110 150 99 132 99 110 106 124 127 100 107 121 117 104 109 115 110 124 113 112 129 106 100 111 130 109 131 96 111 105 107 132 99 115 109 99 110 99 107 99 100 110 99 109 105 123 119 122 100 131 100 110 123 100 109 136 110 99 106 99 100 120 94 147 140 116 132 128 123 110 110 107 106 114 120 107 135 131 114 140 113 
[ 1309.668572] kvm-dsm-eval: DSM_PF_WRITE_INIT AVG: 120 ns
[ 1403.563927] hrtimer: interrupt took 3553 ns
[ 1492.721122] kvm-dsm-eval:   DSM_PF_READ_NET # 0: 16276 16800 10822 10953 9952 14028 15391 14528 14414 14642 9860 12018 10014 10010 9823 10663 16223 9682 9892 15465 14175 14596 9734 14761 10069 9605 15484 10995 9726 9402 10649 14345 9328 15584 11449 10543 10045 9359 14241 10345 11259 10011 10257 11212 15529 9739 15630 11589 14092 9383 9402 14561 13819 15212 9755 9574 14970 9683 27537 11557 9685 15212 14600 10977 15930 14647 15280 8871 13942 28296 25262 15262 15228 9953 9230 12483 12000 17405 9760 19950 13574 11034 25766 14704 14360 13108 13217 13594 14328 14099 14220 10310 14403 16447 15344 20380 18349 18017 12934 11496 
[ 1492.721159] kvm-dsm-eval:   DSM_PF_READ_NET # 1: 
[ 1492.721160] 16129 12170 12657 10943 11780 14470 15788 10420 15020 11327 10673 16696 15614 15590 9722 16736 11999 9446 15807 16442 14518 11093 11295 9827 10522 17259 9736 10037 10171 10719 10557 11511 12187 18311 14777 9397 14643 10060 16911 17202 9667 12471 14863 13323 12860 13246 19545 18486 13371 13213 20680 15560 15446 11976 11115 13941 11185 36697 13162 13572 12632 13186 14487 12871 11229 15572 15848 9187 20361 10483 14600 16975 13957 19709 13363 19705 88313 9508 14576 21330 13729 13646 10459 15432 14526 14511 13852 47153 11837 11423 14319 13157 14979 13091 13051 12885 12995 12946 27355 14564 
[ 1492.721199] kvm-dsm-eval:   DSM_PF_READ_NET # 2: 
[ 1492.721199] 13893 57140 20844 13346 13277 14546 14047 14160 16640 13871 13797 21795 11831 20027 19268 13583 13491 16007 14640 14290 14010 20737 27884 13990 12943 13014 19289 12654 17503 18275 15571 13580 13950 13890 13820 13756 16330 13108 19632 14067 14330 13257 12900 13979 13878 12080 9376 9273 13060 16617 15781 16190 19812 25874 16614 15504 13643 9657 16669 20012 14651 23603 13873 13640 13690 13369 15640 15276 14921 14577 14512 14581 11760 16982 10748 14410 11000 12838 12250 12372 13280 19678 17324 17537 16715 11302 14763 14870 14470 14386 14146 11593 16019 16444 17703 14477 15073 9876 12468 17585 
[ 1492.721244] kvm-dsm-eval:   DSM_PF_READ_NET # 3: 
[ 1492.721245] 15910 13576 14610 16418 21113 13154 14328 16254 13220 23100 27181 13835 22080 13934 83762 27526 14190 23853 14300 12574 16929 13050 13023 14301 10267 14860 9446 17065 11146 12138 10360 15180 30283 10630 15891 12458 16673 12960 17743 17954 20466 16491 9157 12046 14177 20238 23623 17867 17517 13803 12661 16342 16232 14768 15830 17762 29513 28006 17919 12639 16860 14977 16070 14445 14473 15730 15317 17960 17282 17523 12400 12977 17649 12510 17864 18073 11870 15940 20938 17438 11200 12802 18652 18924 19452 15476 16964 21401 19983 15721 16276 27809 20495 44773 20191 15963 17792 11980 13115 13360 
[ 1492.721284] kvm-dsm-eval:   DSM_PF_READ_NET # 4: 
[ 1492.721285] 17653 14518 13569 15667 14936 14838 15245 32598 16873 21524 17489 15466 17774 17854 17706 13107 15145 22914 25512 19702 21237 18101 14940 14807 15186 11768 14490 15412 17124 16711 16354 16074 16496 16978 23686 37270 19417 18683 15991 37313 17117 15610 15609 17001 21676 17603 21511 17242 21640 18501 14347 17323 15629 15093 28758 18423 14721 14651 18059 27805 14501 46576 12037 23478 37654 16996 17581 14964 14528 18607 16283 15189 14239 12149 14963 15063 15000 15948 17714 23078 21407 17863 14494 14714 18783 16868 11795 32584 12449 21405 19350 20463 15315 17887 25402 10504 16259 22877 15768 22037 
[ 1492.721348] kvm-dsm-eval:   DSM_PF_READ_NET # 5: 
[ 1492.721349] 17261 15718 34181 15611 42015 20566 22679 21430 17946 17737 21266 12290 14557 21041 17515 15424 28280 18766 16046 17385 14340 16277 17194 11813 11545 16050 9602 20868 9702 9738 9737 9134 9753 14722 9645 9119 10155 10358 12840 14514 16559 16737 19622 13123 9612 15964 13309 14650 13792 19997 12105 14460 30565 13223 21023 21180 13603 13094 13222 16323 14875 14027 13347 21797 24143 18882 12609 15221 14370 16330 28735 14207 15308 20315 16176 22948 33290 13690 10840 10743 11074 11801 9696 12241 11376 10673 14275 10288 12989 15357 14844 10237 10030 15460 9934 10749 15463 11118 10576 11597 
[ 1492.721394] kvm-dsm-eval:   DSM_PF_READ_NET # 6: 
[ 1492.721395] 10844 38185 9528 9826 12196 11471 11093 14897 16520 17454 13323 13829 14057 18292 18167 16563 14473 14143 16363 14487 8794 13300 15145 27694 12318 16272 21460 14357 11603 17100 11253 11665 11265 11282 17256 19760 15322 12634 12760 21210 24690 14328 19222 22334 13950 14261 22207 9029 14120 15397 19510 15692 13853 13588 13552 12511 13862 11308 11191 15516 15484 11744 18486 12300 12717 17985 13543 16808 12475 10178 15163 9804 10127 9977 9357 22783 14740 16573 28543 14697 13920 12663 14118 15615 12354 15233 8729 16078 15677 11563 11420 12080 18273 12661 13771 13789 17758 11711 14752 16490 
[ 1492.721444] kvm-dsm-eval:   DSM_PF_READ_NET # 7: 
[ 1492.721445] 10346 11566 14927 14021 9796 14603 9774 14763 9761 14661 14727 14473 10637 14139 9527 9377 14130 14225 12895 9284 10304 15366 19736 13503 16323 14565 14769 9549 14344 15141 12868 18860 14306 23792 16181 10823 13487 15937 14324 14214 14917 13900 11333 16448 17477 11332 25147 20948 10444 46960 25991 23748 13885 13418 13840 14336 14174 9748 31351 19606 17781 14275 13823 22223 14156 33600 13754 10481 27843 21163 14484 26763 13697 14043 12371 17701 13548 13097 23440 28771 14058 14957 13877 19826 14866 18069 12923 13528 12700 15066 17675 13676 12980 20180 15738 23893 11394 10731 14830 11320 
[ 1492.721486] kvm-dsm-eval:   DSM_PF_READ_NET # 8: 
[ 1492.721486] 15821 11941 17126 14745 11047 10655 10199 14886 11434 11389 12320 11345 32548 20740 12050 11053 22561 9651 10382 14352 9948 9536 13620 12497 16923 12712 31728 12762 16415 10501 14470 16598 16330 11666 15245 10083 15220 21176 11091 11528 11040 10957 10127 10963 14706 15465 9764 11103 10090 10557 11647 11777 14956 12413 23813 11653 16312 11648 14323 11141 11620 10457 11441 15401 10066 11005 11845 10000 12068 10967 11737 9638 9759 12403 18439 14350 12831 15630 16473 17800 14443 14380 15637 10538 9410 12027 10995 9827 9526 9360 20052 16053 10796 9616 11837 10949 10286 10068 16583 10724 
[ 1492.721524] kvm-dsm-eval:   DSM_PF_READ_NET # 9: 
[ 1492.721524] 10783 11142 20260 10548 9897 9723 16410 12147 9421 25756 27720 11997 10358 10535 10733 10406 11712 10986 14335 10928 9912 10868 12322 10520 9303 9669 15064 10646 12544 12239 9600 11603 11095 14571 14766 16880 11586 14866 9657 10102 9831 16928 9512 12343 11341 10876 11192 14900 15280 10612 9562 10622 14336 15452 10748 11056 11123 15549 11596 11670 11606 14573 12313 12367 17030 14870 11296 17470 9397 17863 12551 9458 11884 11042 10727 14508 9507 9887 24684 9479 14212 10794 12196 16034 11507 9371 14686 14591 10576 9765 11715 12906 11047 10713 9844 15368 10038 10137 11723 10704 
[ 1492.721560] kvm-dsm-eval:   DSM_PF_READ_NET AVG: 15209 ns
[ 1495.747964] kvm-dsm-eval:  DSM_PF_WRITE_LOC # 0: 6710 10636 9052 8887 5360 9406 5409 5359 7240 6034 9254 5524 9345 14036 9397 11326 6439 9267 9547 10663 10086 14400 8748 8786 5104 5356 5203 8741 8744 8811 5918 8987 9410 9563 10164 9675 10366 5610 10692 6662 10321 10156 8876 5523 5594 5467 9214 8774 5337 11126 5567 14748 9426 10285 7593 5880 10047 9333 8964 6790 7219 10310 9224 8421 9597 5177 14794 8591 12933 13569 7677 9272 8102 9455 6903 6823 7617 11404 8077 12560 9817 11897 9202 9644 5039 9098 13547 6203 5334 11582 11324 8113 9582 5795 5764 14104 11185 8793 13311 10647 
[ 1495.747996] kvm-dsm-eval:  DSM_PF_WRITE_LOC # 1: 
[ 1495.747997] 9490 10918 6690 9803 9946 9403 10944 6316 8845 9757 10066 9400 10975 10678 10377 13398 10757 13676 7257 7063 22214 8357 6894 6980 17980 12851 12446 11412 12206 12278 13904 11490 19126 7180 12677 6321 9093 5313 9171 8709 22390 30380 11991 8623 12525 19408 8967 9394 8707 12223 14106 9291 5328 9046 9415 9407 7594 8488 11260 17113 8367 11336 7443 13217 13490 13253 12546 12786 8765 8563 11414 8829 8832 13667 7340 13807 13523 6955 12747 12338 6518 19234 7670 13867 14661 8709 10198 12871 9146 11843 10300 5951 10726 9287 6891 6525 12074 11562 13487 8637 
[ 1495.748028] kvm-dsm-eval:  DSM_PF_WRITE_LOC # 2: 
[ 1495.748029] 5164 7514 8480 8379 5442 9446 17000 8857 8545 5846 10719 12813 10043 10760 10368 15876 8999 10554 10203 10349 15758 14075 11623 9348 11427 9003 8815 8858 8694 12346 8617 12726 8525 9098 11311 10248 9222 7369 15294 6534 6217 14233 9430 9230 8477 17797 7497 33813 7292 6534 8497 6943 12906 12557 12746 12694 6994 12217 7035 11429 11859 6820 7490 7720 7380 7025 12874 8912 7600 9178 9843 9332 8740 10553 5854 11348 14483 15698 15083 9879 11398 11812 9703 10586 12109 10368 9473 17901 46580 8954 15264 14724 11768 10993 17067 17034 8859 11121 9542 11276 
[ 1495.748061] kvm-dsm-eval:  DSM_PF_WRITE_LOC # 3: 
[ 1495.748062] 12354 11743 11321 9327 14513 14144 14231 12429 13974 13143 11090 10160 11333 11253 9554 12107 10990 12097 10860 9371 10676 14304 9196 12915 11579 14838 11472 9900 12120 17962 10986 13705 9820 14977 11485 13768 10891 10308 17061 11070 9385 11734 14562 9570 11660 11388 14295 11495 9807 10656 12353 14606 16971 12357 13716 10603 14223 9306 11474 11603 14642 9510 15819 16081 14238 10405 10704 11703 13100 11921 11540 15454 18210 10113 11487 15334 13779 14142 9183 14987 13908 14867 17414 16500 12980 12660 11910 18066 9505 8952 11722 12497 11703 15466 14218 14167 11427 9317 13702 15298 
[ 1495.748094] kvm-dsm-eval:  DSM_PF_WRITE_LOC # 4: 
[ 1495.748094] 9306 11490 14041 8967 10663 10344 10373 9100 11777 16726 16841 23243 11734 10695 11221 14503 15776 15390 10088 11332 9570 10929 9192 9967 10465 9109 13723 7066 7051 10947 5685 75817 11934 8000 9429 12123 7086 9620 9225 14018 9019 13450 15476 9590 8978 8906 8740 10188 6880 5404 9377 6510 9521 14170 9951 13650 9788 9278 9232 9220 9287 10041 7236 5273 31677 7427 13674 12580 8443 7868 12432 11191 6384 11374 13447 7330 10904 13157 12037 22631 6040 13880 12910 32792 6357 8754 12680 9204 10898 14113 7880 12108 8640 7146 12775 5611 14598 10486 8990 9051 
[ 1495.748127] kvm-dsm-eval:  DSM_PF_WRITE_LOC # 5: 
[ 1495.748128] 12843 12035 7425 7842 5703 15263 10080 9320 19214 12489 11706 8977 12955 8321 8311 12537 10202 12132 12417 15179 9490 12716 10202 12606 12111 8414 12708 11354 12255 6498 10448 8765 11041 9213 9002 9045 9315 8910 11564 5701 9584 10230 11409 9804 9534 9422 9481 8979 9617 8977 8897 9206 12494 14040 10118 13434 10877 5930 7689 5785 10567 8572 6663 13726 5070 10536 11737 7750 21666 12711 10663 13426 8569 9064 8863 12285 7417 11969 20658 36243 9170 9166 12843 19565 10922 13151 7663 13386 7606 7520 7467 6605 13310 17647 6570 5440 9417 9526 9462 6292 
[ 1495.748161] kvm-dsm-eval:  DSM_PF_WRITE_LOC # 6: 
[ 1495.748161] 6387 10140 5899 8942 21950 5993 15318 8951 5669 5573 7553 13509 11981 12869 7037 12737 14012 6520 6494 9916 15920 21353 8519 9764 9236 6628 9659 8646 9210 8918 9407 10154 8850 9556 5760 9502 11163 5116 9175 5963 5304 8783 10900 6258 5455 7252 7053 5228 4940 4902 6090 11637 11143 5062 5004 6178 8976 9041 10442 8943 10808 10649 5065 8957 8984 10177 6275 5010 5197 5715 11517 9737 8973 9011 10928 7226 10767 9009 7714 9553 8845 14317 10075 10245 10781 9581 10323 10180 9401 9065 6806 10583 10839 5460 9057 9880 8816 10168 6297 9039 
[ 1495.748191] kvm-dsm-eval:  DSM_PF_WRITE_LOC # 7: 
[ 1495.748192] 9230 4923 10275 10290 9133 5248 6069 11562 10353 9214 9615 10244 9122 11324 10574 9258 9390 9252 5562 4961 9359 9524 10314 6622 5425 10478 9140 10683 5649 5808 8870 6188 6233 10938 10808 9011 6636 10095 10473 9990 9032 5624 9375 8667 11433 5544 9052 9080 6247 9388 8885 8837 9026 12001 10528 5286 5275 5299 10432 9239 10739 9674 10000 8880 6350 9803 5299 10717 6260 9621 6719 10831 9350 7325 5417 9400 10213 5541 10936 5697 6163 5394 5254 9318 11310 11812 10417 6697 6714 8920 9252 10183 11162 6236 9306 8965 6529 10300 9713 6202 
[ 1495.748224] kvm-dsm-eval:  DSM_PF_WRITE_LOC # 8: 
[ 1495.748224] 6391 5080 9925 10041 8739 5495 7955 10040 10679 8845 10885 21204 9730 5584 6003 5665 5589 8890 11482 5359 9347 8918 15031 6598 10414 5608 10518 5671 9138 10273 9493 9263 11377 8987 6064 9272 9742 10573 8923 10251 5098 8794 9034 5773 5739 10863 6320 6479 9198 9108 4997 6858 6330 6473 10637 8828 5217 14180 6340 9220 11294 6489 11194 9423 6314 9817 6162 9471 6144 7307 9482 9370 8926 9022 10946 11473 12851 5588 5580 10160 5326 9373 5993 11452 5455 10990 11372 9382 9749 8809 9987 5929 10611 8866 9080 14149 6178 9169 8798 5579 
[ 1495.748256] kvm-dsm-eval:  DSM_PF_WRITE_LOC # 9: 
[ 1495.748257] 6486 9301 5219 9057 9097 6404 9269 8963 6860 8964 9916 6368 8958 8928 5166 11265 5899 10583 10052 10501 8865 8950 6390 9000 9134 10241 6521 10650 8530 10472 5877 9622 6986 9003 5547 6427 6367 4981 5639 9411 8960 6223 9870 4923 10317 9132 9593 6938 5513 6214 8999 8563 9605 9639 9881 10702 13230 9443 6040 8942 11242 5413 9283 9139 5005 8876 9427 9271 10877 5717 8789 5110 5512 8723 11310 9218 9260 6581 6112 8932 5328 5970 9414 5880 9361 11495 5774 6060 10135 11481 9407 8578 9120 10006 9589 8882 9860 9082 10027 6110 
[ 1495.748288] kvm-dsm-eval:  DSM_PF_WRITE_LOC AVG: 10042 ns
[ 1500.196217] kvm-dsm-eval:  DSM_PF_WRITE_NET # 0: 12897 14054 18282 15718 9558 17127 15921 15868 14230 15889 10084 9640 14686 11702 10594 6747 14583 9815 20857 9226 10699 15685 8949 16793 9813 14434 8802 10160 15855 11717 10019 14731 9313 15015 10207 9882 14320 10121 12267 14559 13683 16094 11567 5953 9340 14968 11431 12720 16053 21502 17005 13418 13187 11853 12174 10516 12402 11331 9014 13738 14930 9556 9817 13994 10025 8944 14212 10497 8785 9540 9965 16430 9092 15784 14803 24715 9682 14602 13680 14544 27937 16623 13111 19549 13849 14960 23730 12295 11213 14780 10060 10301 13694 21831 15730 15000 12348 19451 14500 11007 
[ 1500.196262] kvm-dsm-eval:  DSM_PF_WRITE_NET # 1: 
[ 1500.196263] 22325 11965 10341 14160 14510 16914 14598 13553 9574 10387 8683 26143 15837 14093 14904 19702 20673 14414 16270 9465 13129 14133 13650 20478 14560 11824 11221 12206 14836 11550 31419 10181 18323 20014 16182 27337 11151 11384 12426 17058 14169 15661 15946 13955 11251 9223 12569 14893 9058 23579 9482 22017 14654 20291 6367 11979 90633 12534 14420 12471 7706 12569 7449 7683 16126 6852 10593 12760 12960 13277 13663 14300 7403 7555 8782 13357 18676 20267 6384 12690 14463 11176 9966 11079 10250 9784 8848 10729 8981 17267 16342 14780 14682 10040 13121 17560 17804 17980 15207 14573 
[ 1500.196300] kvm-dsm-eval:  DSM_PF_WRITE_NET # 2: 
[ 1500.196301] 12211 11406 14026 10609 11620 11817 17190 18920 10707 18412 11550 15025 31548 18196 11911 11192 14460 58518 15848 14966 14602 16605 15603 12744 14707 15138 17173 16267 13891 16043 18086 15387 22490 12444 14877 17834 14611 16940 17286 18320 18636 16966 18634 13890 24452 15008 14191 55654 9330 9137 14146 24227 15039 13639 16439 11094 16396 11859 15030 13887 20054 9339 10183 12361 11454 16472 9482 10310 12493 17076 9796 14578 12526 29375 14932 18122 12385 8973 23661 12608 10243 15507 11480 9480 22406 12182 22165 19427 14256 14760 9522 13313 15828 15030 19440 14350 14997 9297 11755 12897 
[ 1500.196347] kvm-dsm-eval:  DSM_PF_WRITE_NET # 3: 
[ 1500.196347] 10778 11998 10104 21381 9535 10117 5550 10003 11172 11017 9401 9004 5794 14553 14436 8950 19868 20339 13960 8734 13246 12508 14827 15254 9647 18030 9054 29032 12689 7530 90084 7453 20930 12574 15686 12308 12394 17805 12487 19337 7225 10117 19074 11407 10776 16622 10720 11903 14909 15211 14257 9692 21394 10752 27243 12528 16545 12161 8696 15392 11063 23381 11966 12572 11977 11318 10363 9290 8815 9348 12646 11963 10643 11053 10880 12118 10404 12541 19141 24643 16687 14541 14584 10279 9300 11312 32361 19558 10933 10262 9474 8320 14140 12618 14270 21617 17427 14976 10710 8698 
[ 1500.196387] kvm-dsm-eval:  DSM_PF_WRITE_NET # 4: 
[ 1500.196387] 8841 15940 74418 20466 10262 17335 10756 12758 22227 9480 15407 7138 10398 10193 15173 10120 10766 11740 5974 11893 8922 13108 9881 11982 10535 20309 28063 15486 13134 9960 14873 8314 5378 9697 9828 11723 9661 5559 9160 5978 9346 38682 8515 10500 13489 10376 25333 17093 14034 13900 13874 7723 9021 11354 11202 10613 12699 11670 10843 14403 9185 10140 15038 11377 5470 12211 9566 11448 6009 10894 11546 11058 10115 10018 11076 8972 7030 9329 9889 10267 10281 11012 8697 5600 10310 10979 11376 9832 9503 9842 15084 12024 6020 9068 11240 10323 9036 10877 10382 10064 
[ 1500.196424] kvm-dsm-eval:  DSM_PF_WRITE_NET # 5: 
[ 1500.196425] 6632 10341 15732 15769 13635 6304 6900 9600 11282 5488 8913 11537 8926 10060 11407 10561 6862 14813 12216 10650 9199 9117 6963 7442 13730 9307 11634 9922 9900 10199 9924 6430 9990 15727 10797 11782 7109 6494 10536 21944 8962 9540 9297 10472 9957 6793 9804 6703 9203 6372 9126 7310 11021 6833 10366 10530 8966 9442 10376 6873 10379 9161 6154 9885 11189 6480 10600 5767 9798 9314 11237 6444 11700 10502 8839 10764 9917 16750 16250 9167 11067 6517 11167 5941 10319 10255 11105 10081 8902 14086 14207 9493 10543 9628 9410 11031 9319 10400 27179 11457 
[ 1500.196462] kvm-dsm-eval:  DSM_PF_WRITE_NET # 6: 
[ 1500.196463] 9890 6731 8975 9891 10570 15120 5848 9625 10617 14314 11233 16654 9822 8960 8550 6702 5043 6474 5495 10985 8781 10134 11238 10420 9823 5119 6826 6617 9196 9487 9389 9143 11072 10977 14323 11060 11721 9819 9050 9490 9470 10079 6164 5907 9080 16770 9769 10346 9200 9924 9229 8902 7103 11370 10604 10241 10959 9336 9220 5601 9043 11280 7041 9494 10433 12218 10316 10480 10659 9113 10074 10180 9161 10073 10013 10648 9734 9887 9173 10095 5637 6228 9513 10122 11126 11303 8898 10478 9599 9199 10428 9616 20517 9452 15588 10220 11419 7140 9523 5697 
[ 1500.196512] kvm-dsm-eval:  DSM_PF_WRITE_NET # 7: 
[ 1500.196512] 12456 10175 8050 11057 9808 11170 10625 10140 9159 9446 11979 10514 9359 28535 10837 10377 5533 14070 14766 9929 10270 17399 10226 30572 11356 12627 11754 8953 6930 9203 9603 10129 8843 9325 9727 6711 9345 21966 5927 9361 14330 10023 15412 10559 10416 9611 11080 29010 10874 5530 8963 9878 6539 10169 10497 14575 9739 11724 10567 5352 10963 8985 9018 10165 21736 28971 11896 9497 6570 11110 10230 10396 8796 10381 10189 9989 9757 10057 9797 11200 9602 9234 7528 9386 10524 6662 9731 10884 7597 10655 9404 29471 9297 10993 14273 6070 11190 9763 9003 28782 
[ 1500.196556] kvm-dsm-eval:  DSM_PF_WRITE_NET # 8: 
[ 1500.196557] 10270 12192 9500 6591 10674 10042 11166 11212 10164 9774 14468 10284 14550 10049 10680 9124 10077 9350 11513 10841 11655 10577 7718 10428 15152 10788 11207 13823 9765 9200 10026 10136 11301 10549 16267 6663 11749 9931 10429 10104 11024 17104 16723 9595 11496 12130 12802 5874 15847 9989 16917 12035 15321 10652 12226 10975 11065 10943 12977 14036 10196 12004 11970 10109 8830 9906 11210 17103 10720 11388 22099 11621 22158 11213 11522 11164 12953 10542 37273 11564 10179 9176 9780 15647 9770 17146 11089 9973 19993 10856 9613 9860 10945 10160 11313 5631 14795 10535 10158 10966 
[ 1500.196597] kvm-dsm-eval:  DSM_PF_WRITE_NET # 9: 
[ 1500.196597] 16544 10828 12120 10345 12236 16460 9184 10438 9178 11528 6323 11254 9917 12133 11882 11069 9956 10523 9380 12184 10626 16126 22728 11727 12284 16013 16664 10802 14064 8692 10384 18129 10043 10983 15719 10207 10268 11152 11237 5734 15054 10124 10761 8941 11990 10636 9647 10696 9167 13383 10006 10867 12694 13889 16904 10952 7426 10938 8900 54057 15377 10234 22622 10543 28794 10850 10369 12875 18501 9803 11298 13817 12276 9800 16058 10005 10411 10603 8857 14480 16241 11560 11762 9460 10136 10405 10879 10881 11068 10861 10307 9798 16412 9376 27734 8929 10612 28227 11309 10865 
[ 1500.196634] kvm-dsm-eval:  DSM_PF_WRITE_NET AVG: 12599 ns
[ 1502.117508] kvm-dsm-eval:   DSM_PF_READ_NET # 0: 11557 18021 10211 11240 13509 9334 10726 10420 16851 14782 11580 12379 11150 9424 9811 14914 10728 17208 11390 11151 9908 10820 10369 10211 10534 9994 10937 10767 9515 9509 10195 15766 10100 14292 10824 11727 17941 11502 15764 15210 16956 10291 10380 11726 12026 15506 15948 24993 15619 16923 14674 9756 11189 9791 14890 15006 20521 10456 10176 9514 9932 15557 10963 9295 9473 15731 11711 10894 10187 9763 12080 10787 10680 12278 9458 13709 24330 9923 16247 9080 18519 14526 11168 14667 9914 15087 10435 16615 25059 15213 9543 29099 11072 15807 16891 11354 12460 15068 14483 10411 
[ 1502.117562] kvm-dsm-eval:   DSM_PF_READ_NET # 1: 
[ 1502.117563] 10805 10177 10042 17092 10131 9480 14814 15283 9895 9959 16821 9774 17136 10070 10670 10437 11646 15784 24377 17688 10394 15043 9948 10879 16899 10676 10492 9434 10284 16002 11613 18259 9862 15213 9651 10950 9938 14833 10212 14825 10272 15559 10966 14603 12002 15103 12003 22484 10095 11360 16506 11228 9983 15967 14560 16183 10803 12730 9566 9709 9502 10040 9953 25932 14323 10452 11370 14543 9867 14755 9613 21295 15742 9813 14192 10010 9457 11320 10943 12609 20020 11436 14998 15914 15969 16619 10578 18643 11906 11613 12013 9715 10753 14454 10006 14322 10650 10531 11629 10041 
[ 1502.117606] kvm-dsm-eval:   DSM_PF_READ_NET # 2: 
[ 1502.117607] 10414 9799 15056 9965 10040 15206 10739 10917 15191 9547 9905 11669 11447 17244 9479 16746 9308 16249 12007 10779 15613 9683 12376 10306 9813 10012 14742 14491 11860 11804 10427 14677 11468 11890 10808 9547 11863 11440 15483 11927 9679 11332 10539 9943 14514 9838 15714 9969 16040 11859 12082 9090 11368 29220 15436 11723 10508 9944 10609 10838 10925 10233 11186 11658 11216 11408 10208 14606 9638 10080 13623 11743 10197 11129 14846 14378 11684 13024 10348 15087 15681 10238 15139 15084 11913 9434 20368 12000 10119 15838 9886 9144 9000 14504 14396 9458 9429 8910 23800 15084 
[ 1502.117647] kvm-dsm-eval:   DSM_PF_READ_NET # 3: 
[ 1502.117647] 10719 10900 14544 11013 11249 9077 10096 13953 11362 25826 16871 14213 12429 13887 11263 14308 10623 11400 12111 11895 15857 14810 11403 11035 10620 9726 10950 10608 10227 15601 15047 9869 11955 14345 11866 11008 11605 13538 15040 10427 11527 15113 16265 11800 16956 12523 10246 11718 21654 12096 10172 11952 14429 16337 11633 9484 11295 25720 15140 16027 12209 9416 11119 15084 10272 14650 16187 14347 9582 16522 11260 11487 14958 15162 9522 16115 11138 14263 10241 14267 16289 10654 15493 12589 27660 14326 10143 17346 10022 9705 14922 10629 11760 9502 10169 10729 15640 14996 10638 9525 
[ 1502.117685] kvm-dsm-eval:   DSM_PF_READ_NET # 4: 
[ 1502.117686] 13945 16785 17652 10123 10257 11977 9519 9839 9971 11209 10237 9471 15232 11331 10336 9591 10637 15008 10970 10833 15453 10030 11121 12677 10936 11740 15717 9584 10586 10015 14315 11659 14608 10709 18668 14695 11267 10225 16514 9525 20460 14266 9375 11891 12294 10686 16027 10948 14302 14683 9800 9519 11382 17217 10036 12317 9793 9559 9770 12552 10639 10740 11563 19427 9637 14343 11991 15526 15110 9622 9724 11393 14596 11960 10907 14513 10267 10846 10772 11161 10163 10249 9696 10109 11489 16428 9395 10013 10653 10654 10943 10924 10817 10065 11496 16299 9753 9684 11573 10304 
[ 1502.117733] kvm-dsm-eval:   DSM_PF_READ_NET # 5: 
[ 1502.117734] 10529 11166 12183 12707 10581 11074 10606 10184 10364 11781 11391 10947 10573 14455 28729 11295 10641 14803 11120 9536 12220 13693 10743 9660 15576 11154 15002 19478 16015 14220 16003 10897 10545 10342 16223 11434 13916 16034 10157 16532 10709 15013 16027 12103 14563 16685 16856 16900 10612 17179 16843 9963 15226 16232 12612 10670 12189 12710 15023 10495 10023 14997 12157 14466 10620 10864 11064 16603 14049 18016 17846 16196 15825 17023 16109 14417 11688 12079 15878 13209 15858 11457 16806 10284 14924 23583 16816 11974 19059 11302 12981 14777 16733 16615 14018 16911 11940 11256 11484 11802 
[ 1502.117782] kvm-dsm-eval:   DSM_PF_READ_NET # 6: 
[ 1502.117782] 11724 9409 14647 16525 10163 9224 16278 14719 15700 11748 9900 10347 11263 10389 13182 15810 12950 12656 9687 17642 16356 17452 18041 16041 10485 10010 15922 9567 11814 10797 15539 10776 14370 12116 12312 15403 15436 16225 17353 24273 15834 20453 15435 37793 16666 12891 12524 17380 18868 16347 11901 11922 17018 16991 13096 17143 10026 14435 11650 16387 10563 16155 13094 9927 10846 11900 17102 18606 10863 11697 11190 15469 15450 10519 11680 11974 9746 15828 11550 14746 23335 17644 10502 11061 12046 12489 10603 15716 17816 16977 12547 16645 11160 17547 17727 11879 16111 12450 14636 14316 
[ 1502.117829] kvm-dsm-eval:   DSM_PF_READ_NET # 7: 
[ 1502.117829] 16733 12283 18132 12174 17552 11015 14392 10147 14152 14639 10493 15524 12386 17623 15520 13640 13966 16410 10077 14763 24779 10213 12237 13043 18443 16033 24410 15794 9863 11354 18493 18986 10415 12198 15995 17744 15938 17419 17059 14880 16127 9641 11843 15023 12440 14835 14438 16083 11705 12328 16492 17967 11159 19020 11436 21492 17200 12437 12269 16483 16377 10617 15374 10114 15612 15626 17540 15023 11834 12036 15674 16803 15216 16544 20917 11642 11557 10896 14409 14176 9530 13943 15502 16798 18167 23168 12184 15197 10926 18638 10199 13195 11933 11055 14364 15799 17879 12532 11330 17260 
[ 1502.117870] kvm-dsm-eval:   DSM_PF_READ_NET # 8: 
[ 1502.117870] 18058 18601 14202 12102 18901 11690 17513 10553 31635 16546 15310 10020 9512 9745 9794 15327 14605 21084 11082 10215 18902 17810 21041 11304 10647 24453 11139 11258 12388 13850 14364 12413 14692 22486 12553 11886 17452 17717 10852 15184 18428 22229 16584 15168 14272 13164 10803 14483 17243 10224 11033 15967 11940 15027 15494 16709 11362 10615 10671 10560 11562 15755 19820 22961 14270 11867 16043 15587 11318 11441 18146 17359 9440 12606 11519 11834 12133 11088 9737 16437 10385 15238 16197 11984 11047 18956 22131 16926 16520 29624 11146 10543 11500 11317 17991 10853 10154 10733 10465 11060 
[ 1502.117910] kvm-dsm-eval:   DSM_PF_READ_NET # 9: 
[ 1502.117911] 12925 11063 12399 17914 12911 17427 17043 9596 10726 15115 17803 16420 16857 16166 12437 15909 9823 10733 17751 16827 14255 14280 15056 17077 14670 10117 10411 18562 14518 9887 18413 15393 11863 9910 11746 13011 15097 14503 16286 14323 14874 12765 24990 12647 12586 11663 11777 11360 18768 18177 11232 16819 12490 33155 16760 11723 10537 18139 15778 12836 15554 10737 16657 17697 16216 16417 9945 15366 9553 17221 11309 12044 9766 10533 11330 15285 12043 10509 11810 13494 18020 12798 10868 10306 15547 15913 10537 12030 10543 17173 16990 12107 21753 14465 23232 18319 10633 14724 11738 10783 
[ 1502.117953] kvm-dsm-eval:   DSM_PF_READ_NET AVG: 13444 ns
[ 1512.762890] kvm-dsm-eval:  DSM_PF_WRITE_LOC # 0: 10258 4942 5923 9227 9048 10463 10221 6052 8881 8916 5451 9471 9368 9236 9004 8886 5600 9193 9361 13023 9437 8940 9320 5737 6700 8945 5989 10345 5871 8901 8627 5863 9023 10211 6724 6336 8851 5160 13245 10109 10042 6016 10310 11334 5160 8956 9914 9877 9023 8811 8990 10916 9610 8842 8916 9147 8498 8926 9211 14583 6213 10355 8937 5670 4978 8971 10414 5687 8810 4991 9109 8947 8811 7196 10041 10689 5617 10086 9543 9477 5000 10322 6066 6237 7037 7751 11563 9430 4990 9556 10772 9560 9094 12153 4969 9457 6376 9624 9373 6485 
[ 1512.762938] kvm-dsm-eval:  DSM_PF_WRITE_LOC # 1: 
[ 1512.762938] 10063 12187 9116 5630 11458 6430 6664 6698 9666 9877 6024 9649 5800 6460 8943 6219 10574 10860 9613 10234 6601 5625 8895 7278 10243 10573 10731 6393 9423 5404 6728 5107 7025 9097 9153 10555 10221 10139 7816 10379 10152 10940 10269 14292 11143 8262 9306 11720 5154 9067 9245 10436 9268 5470 10106 6460 10620 15219 8826 6189 11491 10583 10022 10595 6247 12483 9313 11913 14553 9260 10755 10257 11522 11680 10115 10571 9908 6177 9010 10924 5794 5423 10629 8923 9777 9000 10481 14349 7866 11250 6197 11763 11237 7032 10063 11127 9113 8602 11670 14457 
[ 1512.762987] kvm-dsm-eval:  DSM_PF_WRITE_LOC # 2: 
[ 1512.762987] 10370 9541 9337 8990 10283 11183 10200 9813 15375 9404 9233 11332 5688 11519 8897 10153 7768 11453 6608 10375 11061 10399 9936 4860 9731 11052 10898 14592 6949 9165 11453 9036 10063 10209 10722 11052 10465 10448 11429 10660 10369 11976 10733 10708 10756 10158 10399 9487 5455 11498 10037 9597 10606 10928 9264 11670 10734 14866 9469 9174 8476 9296 10736 8657 9327 10163 14026 9270 10496 9830 10064 10686 11035 11330 10582 10100 9586 14328 9000 8985 17738 11300 5917 12250 10552 10171 9821 9576 6403 9241 9116 11024 9280 10187 11091 5379 10490 11418 10582 10013 
[ 1512.763029] kvm-dsm-eval:  DSM_PF_WRITE_LOC # 3: 
[ 1512.763029] 9477 10876 10373 10763 6914 11645 10139 9444 10362 9923 10674 9332 6279 6474 10957 11458 9887 9330 10058 10980 9543 7953 10067 10355 10038 10758 4976 12360 10742 10149 13583 9917 9749 6180 10253 9021 10033 7096 10312 11455 9080 11095 10244 9512 11145 8160 9526 9411 5635 10846 6015 10282 10768 9434 10377 9557 10834 15922 10870 9525 5553 15879 9306 10171 6270 8973 11159 10858 10355 9518 10231 6742 11967 10548 12662 10238 11311 15967 6379 6942 13608 11148 14753 11054 6291 11255 10478 10598 10343 10540 9794 10240 9767 10466 11105 11313 6029 8983 9253 10095 
[ 1512.763067] kvm-dsm-eval:  DSM_PF_WRITE_LOC # 4: 
[ 1512.763067] 11385 11449 9000 10253 10098 13857 9600 9300 8473 10550 10469 10734 8867 11026 8909 16601 9190 6210 9595 6704 11235 10708 11121 15277 10161 9572 9433 9918 9092 11274 10213 8883 7846 6339 11331 13718 11440 11435 7240 8629 11074 10801 10558 11746 13984 11553 9053 10000 9575 13502 15391 12395 14130 5436 11273 10604 11573 7664 11380 6280 15560 10186 7407 10273 9051 7234 9578 9150 10355 9127 10044 11653 9989 9331 10478 11439 10846 12008 9196 10247 14405 10183 6652 12561 10807 5843 9514 10981 16086 9468 10545 9368 10143 7922 11004 9586 11757 10046 10309 11233 
[ 1512.763103] kvm-dsm-eval:  DSM_PF_WRITE_LOC # 5: 
[ 1512.763103] 15423 5960 9993 10112 11507 9343 9028 5854 10394 10499 9173 10516 8902 10929 14232 6062 10135 5040 9351 11994 7595 12083 10083 10042 11506 6306 13864 10399 10611 11722 9072 8790 10437 14313 7899 9277 10718 11480 10775 11272 9386 10341 9690 14376 11243 11174 10293 9990 9592 17711 11016 10938 9434 11129 9766 9525 9342 11391 10036 10425 9003 9992 5769 10379 21751 14954 5092 10191 10434 9441 10857 10054 11637 9650 10723 8875 9201 8760 10496 9676 14634 6194 10739 10618 9439 11109 16315 9438 11834 9640 23653 11262 10417 14866 10926 10290 10169 13803 14263 10719 
[ 1512.763139] kvm-dsm-eval:  DSM_PF_WRITE_LOC # 6: 
[ 1512.763139] 10896 9416 10903 10740 9873 9829 10429 10271 9586 8748 9391 11043 10164 10279 10340 9515 8767 10487 10621 10175 11661 8131 14584 6176 9231 9289 10946 10470 10366 5563 9547 11002 4970 8146 9578 14724 10198 5531 12223 10198 10493 9839 12080 10821 14469 9642 8267 11311 9783 10885 10137 6544 10436 9401 11341 8737 7303 11387 12093 10344 10152 9995 10361 9348 19365 9477 11659 10479 9114 11040 9838 16200 10533 11790 8963 8921 10184 6898 10180 10555 11199 9539 6268 9862 13720 11021 10735 9102 10265 9617 9949 8917 10557 8918 13700 8864 11537 13789 9936 5599 
[ 1512.763175] kvm-dsm-eval:  DSM_PF_WRITE_LOC # 7: 
[ 1512.763175] 9043 10248 13809 10276 10888 5315 11532 5850 10746 10910 10691 10934 9408 10098 11328 9889 10808 6302 10357 12088 10872 9116 9755 9046 11013 9364 5377 9150 11325 10628 9780 9148 9569 10199 6477 11320 9722 8958 11141 9317 9273 11417 10553 14434 10091 11283 9326 10668 13775 5799 15099 10093 10521 10267 11800 7148 10625 11702 9257 5841 9660 9968 11052 10410 9772 11996 10545 8610 7116 9459 11551 5655 10412 9513 12731 10921 15916 10728 10171 11516 9132 9317 5484 10791 10438 6749 8827 11340 9250 11623 9244 8904 5907 6379 8954 9968 13933 10948 12783 10125 
[ 1512.763209] kvm-dsm-eval:  DSM_PF_WRITE_LOC # 8: 
[ 1512.763209] 10331 9406 10341 9313 8853 10503 9941 8832 8992 10939 11253 10025 10564 9340 11471 12802 14196 11032 10737 9544 11738 10170 12706 6530 10041 11454 10306 14886 8336 8926 11215 15796 10270 8913 11262 11408 6375 11630 11619 12254 10203 9920 10548 7567 9011 5533 10614 10638 5506 10530 9997 7076 10083 5524 10278 5697 9976 10611 6364 7627 10516 11013 10104 11294 6307 12533 10249 9113 12090 10040 10360 9064 9745 18286 12240 14574 11162 11220 9115 9423 8898 8842 5346 5234 8775 8912 9135 6464 5590 10870 10131 10466 10220 10043 10419 10822 9440 11289 10081 11857 
[ 1512.763244] kvm-dsm-eval:  DSM_PF_WRITE_LOC # 9: 
[ 1512.763245] 9373 11435 9733 8899 11288 10353 9439 12207 7203 13931 11630 12050 11775 9253 9117 10561 9682 9383 10602 9714 8827 9390 10193 9564 10449 10017 10330 13800 10329 9867 11246 10071 10092 16097 11085 10647 10404 4865 10351 10921 9560 10044 8882 9358 9086 10813 12097 10633 12772 11156 9327 11362 10173 10864 10955 10356 10236 9363 7724 8988 8744 10607 5432 8987 11123 9413 14231 11435 10343 10359 11457 10244 10356 17880 10281 6322 11345 9566 10820 5829 10368 11440 11021 11357 9997 10517 10476 9231 10064 9872 11604 14550 6157 9876 11887 10445 14687 10847 5692 6814 
[ 1512.763278] kvm-dsm-eval:  DSM_PF_WRITE_LOC AVG: 9951 ns
[ 1512.920964] kvm-dsm-eval:   DSM_PF_READ_NET # 0: 17518 15784 23834 11482 10807 15285 11176 14900 14223 16458 14200 9358 17013 10452 10200 14512 13323 14816 16417 11380 16076 17718 15960 15724 15152 11338 9337 17722 11005 14237 10308 15792 18371 13263 11098 11295 15407 11209 11547 17306 11797 16060 11697 23097 12546 16223 16892 11840 14906 11494 11927 10883 11980 17602 16971 16660 14901 11632 10673 14384 15644 12683 16957 18177 18181 18671 14683 14520 16596 11936 17223 16950 11203 10552 11626 10836 10655 18446 12127 17492 16592 16273 15723 14476 14910 18014 16587 15641 10503 14966 11361 16986 16561 11919 16299 12370 15199 12739 17957 9697 
[ 1512.921010] kvm-dsm-eval:   DSM_PF_READ_NET # 1: 
[ 1512.921011] 14825 12143 10056 11931 10891 10923 16538 11414 19983 11279 14862 17034 11867 12559 14051 11481 24633 12973 19107 14856 11755 12186 11363 11159 14061 10734 15053 10183 15840 18860 10223 17025 16833 11323 15992 18315 11805 13597 10042 12475 14436 9920 16545 16796 11001 38551 12361 16650 16330 16802 11105 11060 10933 16333 17923 14272 16606 32049 17141 14764 15850 16165 13525 15275 18241 15806 11194 10821 16759 15732 11917 13519 16411 11787 10720 16930 15212 10678 10660 14723 16517 10554 16915 16680 11878 12102 13538 11453 11992 15781 12539 16308 15489 14670 17940 12106 15133 11944 10656 10710 
[ 1512.921061] kvm-dsm-eval:   DSM_PF_READ_NET # 2: 
[ 1512.921061] 16936 15451 16994 16579 17090 12479 16802 15078 15085 11745 17158 10730 12435 17446 10576 14569 11010 11223 15448 11562 16853 12054 15417 15779 15106 15960 9970 32041 14939 10381 17367 10684 18251 13064 16643 15619 11664 15783 18391 11841 12678 19224 17747 10863 16204 11714 11246 12655 18046 11404 13661 10980 10696 12021 10559 11746 10961 9776 11720 16143 16614 11822 16406 12172 11826 12549 9299 11990 9481 11563 11270 15108 10858 15675 23937 25077 16954 11845 10546 18797 15243 9373 10277 12043 14575 11635 12161 10615 13035 15479 15343 11059 13573 15718 11104 12033 14093 12765 15117 10735 
[ 1512.921104] kvm-dsm-eval:   DSM_PF_READ_NET # 3: 
[ 1512.921104] 15020 12150 16845 18285 10787 12438 10607 10558 15362 16521 14678 16629 16762 16142 14839 10293 9633 14779 14669 13954 10574 10344 10990 17476 17906 11849 11430 17018 16831 16929 19792 17097 12000 12223 15067 18312 12706 14946 14337 11372 11324 11334 11507 13011 9408 9478 17310 11971 14555 17611 18067 12797 17751 17301 12244 12674 10895 17974 10026 12104 17077 15178 14827 10823 11263 14582 15937 11961 17077 12179 13644 11121 17782 14117 16660 12169 14993 26259 11440 15659 16182 9909 17969 11550 10685 16977 11805 17938 16875 13097 9344 15707 14448 51436 16860 17289 15780 11519 11634 17358 
[ 1512.921141] kvm-dsm-eval:   DSM_PF_READ_NET # 4: 
[ 1512.921141] 16483 14946 12892 11384 16120 11447 17013 16254 9297 9896 10117 16799 18642 11509 14706 16469 11600 13111 16573 10625 17542 16006 15304 13134 17141 16793 11632 11403 11274 12392 13278 31036 15577 10699 11668 14858 10667 10905 10644 18579 18634 18796 16317 17473 19864 11807 12394 11892 10729 10553 11889 13999 11269 10416 15687 16760 11770 10824 17353 12882 11408 15098 24409 12016 15167 16187 14303 12002 10496 16540 12183 16355 10752 9316 14247 14406 16163 11342 11514 18546 15312 15387 17080 13566 11534 16848 11466 10464 14976 15680 11571 10545 11654 15826 15952 17910 17025 11102 15308 14874 
[ 1512.921176] kvm-dsm-eval:   DSM_PF_READ_NET # 5: 
[ 1512.921176] 16926 11675 15042 9765 16587 17045 18560 18309 12870 17814 11142 18297 16566 9434 15167 16121 11280 12768 15785 16573 16081 9880 11854 10415 15600 16670 16356 10149 10976 16573 12439 9863 9400 15251 15495 15909 9993 18471 11874 17040 24133 17253 10300 20648 23740 28607 9866 11897 11400 16227 11566 17940 14610 16500 16522 12901 10807 11679 16746 17491 15332 10803 12302 11363 16503 21632 17656 31147 16797 14240 16083 11623 14664 16611 11212 14371 12849 11744 11001 15737 16140 16460 11152 17194 10827 10308 11180 17046 14267 16160 15685 9901 11578 28813 12946 10772 17297 10813 10580 15686 
[ 1512.921211] kvm-dsm-eval:   DSM_PF_READ_NET # 6: 
[ 1512.921212] 22343 17321 16570 12140 28727 17005 15288 10507 30950 17876 11373 12162 10507 11299 15759 17160 14867 10752 15947 12736 18318 17723 9946 16190 17548 15119 16391 13460 13225 10995 15842 16719 15878 31616 16605 11398 11257 14818 15839 11108 12021 10850 16103 14960 14149 12506 16496 16912 11005 17003 16219 17358 15420 18426 11543 10037 11687 9475 17079 14237 14923 12740 9538 11190 11350 16256 16853 9689 11844 12042 12471 10994 11690 15618 16676 22483 12220 17909 16476 32092 29243 15328 15707 21669 10763 11216 16018 16123 11027 9765 11050 16633 10218 14616 11467 31179 14009 11454 12911 18843 
[ 1512.921247] kvm-dsm-eval:   DSM_PF_READ_NET # 7: 
[ 1512.921247] 10613 10839 16795 17339 12406 17769 14785 13807 12128 15879 11193 22773 17023 15542 15643 15011 10804 11945 12234 10499 14018 9369 15557 16049 18232 15762 11398 16298 11434 9915 18874 18881 15826 10790 11463 30282 16898 11699 14976 10860 15454 15258 11995 17539 15659 14397 15940 12643 14801 11935 18527 14509 15516 15729 17220 17366 11649 14555 14720 16683 10600 11187 15036 13149 11844 19102 16987 15838 23402 11136 18279 14678 11904 17215 9409 11350 11117 11377 15862 17642 11180 11590 9879 15064 13874 16665 11922 10797 17939 11206 12801 9466 10753 15826 14261 15556 12963 12109 11962 15757 
[ 1512.921280] kvm-dsm-eval:   DSM_PF_READ_NET # 8: 
[ 1512.921280] 10737 17243 30113 18000 16027 16063 14291 23121 17464 23870 16703 14079 11628 11645 11377 14583 9699 14054 12841 12252 14741 16562 17602 9887 15717 9918 12350 11354 10057 15428 17443 18168 13263 16330 16033 13376 9795 16979 17860 10288 15951 17828 10721 13130 13943 15511 15821 10377 18870 13126 15683 16151 10803 15287 11963 11395 16552 16725 21676 13149 12335 15200 11603 9600 14787 14619 19008 29999 22931 11228 12604 11638 10032 14925 24636 15830 12850 12981 15442 12400 13278 15740 10660 14803 9872 11278 15885 16167 10090 10780 14774 12261 12420 18036 15622 11757 11264 10587 15039 10071 
[ 1512.921315] kvm-dsm-eval:   DSM_PF_READ_NET # 9: 
[ 1512.921316] 17740 16140 12989 18201 16290 18078 12404 12767 15054 21942 12180 12406 18217 18131 14601 11692 10938 15520 14873 16325 19692 10028 9903 14454 11607 12171 14090 12100 19829 12246 37306 14427 14545 15402 15492 16862 18398 24027 16427 19101 15105 15041 17217 17156 9864 10041 16109 17188 17523 16967 18760 16952 10043 17013 12187 16773 16359 14480 10003 12158 13039 11934 17485 15896 11588 10097 10053 16361 17273 14483 11641 15034 14919 16147 15360 23350 10552 11952 11973 16479 13480 14242 11330 11928 16184 11363 17429 16368 16424 11713 14647 9883 12511 17050 17037 15463 19556 12149 15742 11645 
[ 1512.921349] kvm-dsm-eval:   DSM_PF_READ_NET AVG: 14537 ns
